function RR=robotShape()
% Rover shape (Mars rover silhouette from top view)
RR = [  
    0.3,  0.1;
    0.35, 0.05;
    0.35, -0.05;
    0.3, -0.1;

    0.15, -0.1;
    0.15, -0.15;
    0.10, -0.15;
    0.10, -0.1;

    0.0, -0.1;
    0.0, -0.15;
   -0.05, -0.15;
   -0.05, -0.1;

   -0.15, -0.1;
   -0.15, -0.15;
   -0.20, -0.15;
   -0.20, -0.1;

   -0.3, -0.1;
   -0.3, 0.1;

   -0.20, 0.1;
   -0.20, 0.15;
   -0.15, 0.15;
   -0.15, 0.1;

   -0.05, 0.1;
   -0.05, 0.15;
   0.0, 0.15;
   0.0, 0.1;

   0.10, 0.1;
   0.10, 0.15;
   0.15, 0.15;
   0.15, 0.1;

    0.3, 0.1;
]';
end
%-------------------------